T=[40 60 60 40 40 60 60 40 60 60 40 60 30 70 50 50 50 50 50 50 50 50 50 50 50 50 40 60 40 60];
t=[2.5 2.5 7.5 2.5 7.5 7.5 2.5 7.5 7.5 2.5 7.5 7.5 5 5 0 10 5 5 5 5 5 5 5 5 5 5 7.5 2.5 2.5 2.5];
MR=[2 2 2 4 4 4 2 2 2 4 4 4 3 3 3 3 1 5 3 3 3 3 3 3 3 3 2 4 2 4];
C= [0.1 0.1 0.1 0.1 0.1 0.1 0.2 0.2 0.2 0.2 0.2 0.2 0.15 0.15 0.15 0.15 0.15 0.15 0.05 0.25 0.15 0.15 0.15 0.15 0.15 0.15 0.1 0.1 0.2 0.2];

Y=[30.2 32.9 75.5 41.8 75.3 72.9 55.6 80.8 78.7 60.6 72.4 68.6 48.5 48 20 80 70.2 72.5 70.1 82 81.6 82 82.4 80 82.5 82.7 75.2 45.5 46.2 55.4 ];